0 0
0.000511014 0.00598423
0.00604115 0.0227581
0.0110784 0.0425312
0.0128864 0.0682837
0.0132609 0.0957595
0.0134493 0.120998
0.0222087 0.148239
0.0293829 0.178728
0.0323142 0.210721
0.0439116 0.244377
0.0571157 0.280378
0.0766676 0.320437
0.105543 0.362398
0.14559 0.403054
0.184559 0.447853
0.229153 0.495722
0.273812 0.543292
0.318059 0.591245
0.371702 0.644365
0.43415 0.691453
0.508266 0.737722
0.581795 0.783236
0.654671 0.829762
0.730033 0.869222
0.797414 0.900805
0.869214 0.929975
0.932807 0.967308
1 0.999884
